0,56,131,120,195,14,380,224,60,135,455,383,316,376,225,240,28,451,30,15,391,503,112,509,7,508,193,479,382,286,287,481,497,496,487,271,318,463,284,368,504,483,399,319,263,499,62,143,449,139,505,184,248,415,24,58,48,129,3,227,163,12,232,96,312,6,192,142,46,137,152,140,226,200,387,50,35,156,98,480,38,270,201,153,51,114,39,204,155,185,124,59,102,179,199,136,236,31,241,110,206,34,372,57,230,147,177,161,176,348,26,27,216,11,141,327,304,188,352,54,187,44,453,104,262,268,99,280,134,369,194,108,259,448,122,285,279,385,203,228,198,465,356,167,233,332,78,158,238,326,452,412,308,171,381,370,242,186,47,344,457,295,358,323,305,168,460,310,169,355,364,353,275,389,154,138,401,472,178,281,471,43,145,172,162,464,397,42,307,278,351,269,106,484,25,409,49,202,334,19,234,454,166,313,174,433,510,501,396,456,354,76,408,283,294,306,403,252,52,196,88,130,100,291,126,63,160,159,40,393,67,249,207,70,10,133,324,128,157,374,231,243,8,32,300,2,359,217,208,360,476,440,115,495,55,97,13,371,432,282,461,447,22,417,220,314,205,311,340,325,488,170,473,419,390,118,413,450,350,267,302,92,103,395,482,116,377,398,500,335,317,485,29,71,209,113,197,23,407,337,467,277,273,444,180,507,378,121,468,342,357,235,90,250,165,164,190,459,61,276,333,75,321,309,423,292,74,175,336,328,345,405,261,244,94,211,151,489,388,339,229,414,72,322,79,146,41,293,105,144,329,33,498,404,338,132,436,421,36,303,346,45,66,392,9,18,331,400,366,210,150,289,173,274,492,375,265,315,441,486,361,462,435,290,182,107,218,411,301,420,330,406,466,260,341,320,373,297,189,343,349,123,477,37,416,469,148,428,402,219,73,183,82,362,181,296,266,422,89,458,237,91,386,53,222,149,257,434,425,272,264,299,83,288,111,410,298,424,394,101,384,258,246,418,109,212,191,214,86,77,254,437,365,347,239,470,251,438,363,429,474,221,87,445,93,213,117,379,367,125,439,119,493,478,245,215,502,426,446,95,475,491,490,84,427,68,442,69,431,430,506,85,20,21,5,80,223,65,4,17,253,127,81,64,16,247,1,256,443,494,255,511
5 89.96
10 91.78
15 91.67
20 91.73
25 91.92
30 91.67
35 92.01
40 91.34
45 91.96
50 92.26
55 91.92
60 91.87
65 92.16
70 91.57
75 91.98
80 91.69
85 91.57
90 91.77
95 91.96
100 91.92
105 92.22
110 91.98
115 91.90
120 92.05
125 91.98
130 91.77
135 91.67
140 91.63
145 91.39
150 91.95
155 91.49
160 92.05
165 91.54
170 91.75
175 92.10
180 91.66
185 91.43
190 91.75
195 91.42
200 91.99
205 91.60
210 91.69
215 91.49
220 91.75
225 91.54
230 91.58
235 91.73
240 91.66
245 91.67
250 91.34
255 91.69
260 91.57
265 91.52
270 92.11
275 91.87
280 91.90
285 91.58
290 91.30
295 91.70
300 91.73
305 91.78
310 91.69
315 91.93
320 91.43
325 91.43
330 91.43
335 91.84
340 91.42
345 91.37
350 91.77
355 91.66
360 91.25
365 92.13
370 91.45
375 91.75
380 91.51
385 91.75
390 91.48
395 91.43
400 91.72
405 91.31
410 91.48
415 91.69
420 92.05
425 91.80
430 91.80
435 91.27
440 91.51
445 91.42
450 91.08
455 92.07
460 91.96
465 91.72
470 91.46
475 91.39
480 91.54
485 91.11
490 91.61
495 91.34
500 91.90
505 91.55
510 92.22
