0,124,120,60,135,195,199,56,62,131,251,143,248,254,239,191,227,127,126,252,63,28,207,231,247,241,31,30,243,223,159,253,15,112,225,240,249,7,193,14,224,187,48,238,24,96,12,190,188,203,3,6,235,175,250,129,192,122,167,4,64,233,189,158,16,219,123,1,183,242,47,185,155,8,32,237,222,59,156,179,201,128,2,111,114,246,39,236,125,206,57,110,221,184,147,230,215,58,119,139,95,157,217,61,163,121,245,220,205,115,55,232,211,142,118,78,228,151,46,103,226,94,153,229,51,244,79,204,102,140,152,116,200,54,92,137,216,50,99,141,52,98,38,71,35,88,197,113,100,29,36,67,72,68,76,23,133,177,209,108,70,132,66,196,136,27,49,97,44,208,198,34,145,22,13,20,33,104,144,19,25,176,80,18,65,9,161,26,5,194,134,11,17,40,160,10,130,186,171,234,174,173,218,165,182,180,90,107,75,172,181,106,164,74,91,166,178,169,202,105,43,154,210,37,73,45,82,148,150,109,41,117,214,168,93,162,87,213,138,146,42,53,101,89,149,77,83,212,86,84,69,81,21,170,85,255
5 90.39
10 90.83
15 90.77
20 91.40
25 91.34
30 91.70
35 91.14
40 91.61
45 91.51
50 91.43
55 91.34
60 91.28
65 91.58
70 91.75
75 91.11
80 91.60
85 91.73
90 91.27
95 91.33
100 91.39
105 91.52
110 91.48
115 91.72
120 91.46
125 91.39
130 91.45
135 91.01
140 92.02
145 91.55
150 91.33
155 91.64
160 91.87
165 91.81
170 91.42
175 91.19
180 91.70
185 91.31
190 91.67
195 91.58
200 91.42
205 91.31
210 91.42
215 91.16
220 91.69
225 91.61
230 91.81
235 91.51
240 91.30
245 91.52
250 91.58
255 91.45
