[  0  56 131 120 195 135  60 224  14 240  15 225  28 112   7  30 193 376
 316 481 508 286 451 383 496 382 391 503 184 271 380 509 479 284 139 463
 487 318 368 143 163  58 152  62 504 137 455  50 232 248  35 399 319 483
 200 287 140 499 263 497  38  98 201  46 227 156 505 136 142 449 415  24
  34 226 153 114   3  48 129  39  51 312  12  96 155 192 187  59 185   6
 204 179 387 102 480 238 206 236 270 291 294 354  67  52 166 300 324 408
 110 100 306 178 133 230 393 456 360  43  70 106 162 381  88 157 168 374
  42 147 282  76 440 138 169 202 208 154 325 432 340 476 417 217 396  57
 196 130 171 128  13   2  97  99 115  19 371  55 471 160 145 314   8 359
  32 243 461 234 390  22  49  10 450 311  40 488  25 216 351 174 510 419
 267 141 249 231 161 413 134 473  54 186 188 205  44 220 433 124 350 302
  92 172 118 104 482 395 116 194 122 398 159 176 500 170  63  26 370 403
  11 501 377 495 103 228 335 485 207 233 295  78 158 167  71 454  29 412
 317 199 242 457 283 209  23 177 337 113  47 203 304 197 180 447  31 277
 252 372 407  27 241 108  90 348 198 342 165 352 467 344 468 259 126 273
 389 356 453 305 401 121 385 357 281 444 327 268 484 164 364 353 323 280
 464  75 369 333 308 275 378 262 465  61 278 292 355 326 309 285 250 307
 460 448 235 313 405 332 276 345 397  74 334 269 328 310 452 472 409 321
 279 151 459 211  94 358 190 244 388 436 293 339 336 322 329 229 423 421
 338 105 346 404 261  79 175 146  41 331  45 507 392 150 366 210  72 414
 173 489 132 400  33 289 361 498  66 144 315 486  36 274 492 303 218  18
 462 420 265 182 441 290 375 301   9 435 330 107 411 406 466 341 297 373
 260 343 428  37 349 189 148 123 469 181 402 416  73  82 320 362 219 422
 477 183  91 266  89 458 296  53 149 386 434 425  83 237 299 410 298 101
 424 394 222 264 418 109 111 288 214 437 212 384  77  86 258 365 257 347
 246 272 191 254 470 239 251 438 363 429 474  87  93 213 117 445 125 221
 379 367 215 426 245 439  95 478 119 502 493 475 446 490  84 427 442  69
 430  85 491  21  68 223 431  20  81   5 506 127  80 253  65  17   4 247
  64  16   1 443 494 256 255 511]
ranking done 
5 0.9006963366636391
10 0.9149258250075689
15 0.9165909778988798
20 0.9226460793218286
25 0.9147744474719952
30 0.9173478655767484
35 0.9206781713593702
40 0.914320314865274
45 0.9108386315470784
50 0.9188616409324856
55 0.9171964880411747
60 0.9138661822585529
65 0.9161368452921587
70 0.9093248561913412
75 0.9190130184680594
80 0.9178019981834695
85 0.917045110505601
90 0.9155313351498637
95 0.9167423554344535
100 0.9129579170451105
105 0.9140175597941266
110 0.9112927641537996
115 0.9188616409324856
120 0.9144716924008477